x
2.0
2.0125121979752856
2.024865364304449
2.037059037626087
2.0490927817469475
2.060966185651748
2.072678863509009
2.0842304546729045
2.0956206236811274
2.106849060248784
2.117915479258306
2.1288196207453947
2.139561249880996
2.150140156949317
2.1605561573218868
2.170809091427663
2.1808988247192023
2.1908252476348906
2.200588275557256
2.210187848767351
2.219623932395243
2.228896516366593
2.2380056153453562
2.246951268672606
2.2557335403014926
2.264352518728352
2.2728083169199804
2.2811010722370795
2.289230946353899
2.2971981251740803
2.305002818742726
2.3126452611547044
2.320125710459209
2.327444448560591
2.3346017811154876
2.3415980374262446
2.348433570330686
2.355108756088215
2.361623994262294
2.36797970759931
2.3741763419038486
2.3802143659104074
2.3860942711515545
2.3918165718225772
2.3973818046426247
2.4027905287123783
2.4080433253682787
2.4131407980333233
2.41808357206447
2.4228722945966705
2.4275076343835544
2.431990281634808
2.43632094785025
2.440500365650662
2.444529288605378
2.448408491056676
2.452138767941002
2.455720934607047
2.4591558266307207
2.4624442996270415
2.4655872290589866
2.4685855100433236
2.4714400571534654
2.474151804219375
2.4767217041245604
2.4791507286001884
2.4814398680163543
2.4835901311705477
2.4856025450733377
2.4874781547313267
2.4892180229274055
2.4908232299983366
2.492294873609723
2.4936340685283813
2.4948419463921656
2.4959196554772842
2.4968683604631394
2.497689242194739
2.4983834974427106
2.498952338660965
2.4993969937420486
2.49971870577022
2.499918732772303
2.4999983474663416
2.4999588370081196
2.499801502735563
2.499527659911092
2.4991386374619466
2.498635777718537
2.498020436150864
2.497293981103053
2.496457793526033
2.4955132667084263
2.494461806005681
2.4933048285674877
2.492043763063533
2.490680049407637
2.48921513848031
2.487650491849789
2.48598758149158
2.4842278895065792
2.482372907837794
2.4804241379857244
2.4783830907224527
2.47625128580448
2.4740302516843657
2.4717215252212137
2.46932665139005
2.4668471829901457
2.4642846803523337
2.4616407110453546
2.4589168495813034
2.4561146771202003
2.4532357811737517
2.4502817553083465
2.4472541988473266
2.444154716572599
2.4409849184256203
2.4377464192078135
2.4344408382804645
2.4310697992641437
2.427634929737709
2.424137860936932
2.4205802274528025
2.4169636669295596
2.4132898197624963
2.40956032879559
2.4057768390190084
2.4019409972665393
2.3980544519129943
2.3941188525716353
2.3901358497916774
2.3861070947559084
2.3820342389784877
2.377918934002962
2.3737628311005547
2.3695675809687757
2.3653348334304005
2.361066237132869
2.3567634392481525
2.3524280851731403
2.3480618182305917
2.343666279370702
2.339243106873335
2.334793936050969
2.330320398952404
2.325824124067276
2.321306736031437
2.316769855333234
2.312215098020746
2.3076440754100247
2.3030583937943843
2.298459654154786
2.2938494518713735
2.289229376436195
2.2846010111671644
2.2799659329233153
2.2753257118213774
2.2706819109537366
2.2660360861078197
2.261389785486947
2.2567445494327028
2.2521019101488653
2.2474633914269444
2.242830508373367
2.2382047671383627
2.2335876646465844
2.228980688329514
2.224385315859696
2.219803014886842
2.2152352427758446
2.2106834463467533
2.206149061616743
2.2016335135441296
2.19713821577446
2.1926645703887333
2.1882139676537804
2.183787785774855
2.1793873906504637
2.1750141356294863
2.1706693612706203
2.166354395104187
2.1620705513963436
2.157819130915738
2.1536014207026355
2.1494186938405724
2.145272209230557
2.141163211367863
2.1370929301214505
2.1330625805160524
2.1290733625169542
2.125126460817512
2.121223044629435
2.1173642674758755
2.1135512669873475
2.1097851647005212
2.106067065859916
2.1023980592225264
2.0987792168654176
2.0952115939963143
2.091696228767222
2.0882341420910997
2.084826337461629
2.0814738007760933
2.078177500161408
2.0749383858033226
2.0717573897788255
2.068635425891779
2.0655733895118114
2.0625721574164873
2.05963258763679
2.056755519305937
2.0539417725115494
2.051192148151208
2.04850742779141
2.045888373529958
2.0433357278617947
2.040850213548316
2.038432533490172
2.0360833706035835
2.0338033877001953
2.0315932273704824
2.029453511870726
2.0273848430135835
2.0253878020622667
2.023462949628346
2.0216108255731973
2.0198319489131076
2.0181268177280534
2.016495909074171
2.0149396788999256
2.013458561966002
2.012052971768922
2.0107233004684026
2.009469918818473
2.008293176102352
2.0071934000711034
2.0061708968860756
2.0052259510651402
2.0043588254327274
2.0035697610736802
2.002858977290923
2.002226671566961
2.0016730195292056
2.001198174919145
2.0008022695653533
2.00048541336035
2.000247694241306
2.000089178174611
2.0000099091442918
2.0000099091442918
2.000089178174611
2.000247694241306
2.00048541336035
2.0008022695653533
2.001198174919145
2.001673019529205
2.002226671566961
2.002858977290923
2.0035697610736802
2.0043588254327274
2.0052259510651402
2.0061708968860756
2.007193400071103
2.008293176102352
2.009469918818473
2.0107233004684026
2.012052971768922
2.013458561966002
2.0149396788999256
2.016495909074171
2.0181268177280534
2.0198319489131076
2.0216108255731973
2.0234629496283456
2.025387802062266
2.0273848430135835
2.029453511870726
2.0315932273704824
2.0338033877001953
2.036083370603583
2.038432533490172
2.040850213548316
2.0433357278617947
2.045888373529958
2.0485074277914097
2.051192148151208
2.0539417725115494
2.056755519305937
2.05963258763679
2.062572157416487
2.0655733895118114
2.0686354258917787
2.071757389778825
2.0749383858033226
2.078177500161408
2.0814738007760933
2.084826337461629
2.0882341420910997
2.091696228767222
2.0952115939963143
2.098779216865417
2.102398059222526
2.1060670658599157
2.1097851647005212
2.1135512669873475
2.117364267475875
2.121223044629435
2.1251264608175116
2.1290733625169542
2.133062580516052
2.13709293012145
2.1411632113678625
2.1452722092305567
2.1494186938405724
2.1536014207026355
2.1578191309157377
2.1620705513963436
2.1663543951041864
2.17066936127062
2.1750141356294863
2.1793873906504633
2.183787785774855
2.1882139676537804
2.192664570388733
2.19713821577446
2.2016335135441296
2.206149061616743
2.2106834463467533
2.2152352427758446
2.2198030148868417
2.224385315859696
2.2289806883295133
2.233587664646584
2.2382047671383627
2.2428305083733666
2.2474633914269444
2.2521019101488653
2.2567445494327023
2.261389785486947
2.2660360861078193
2.270681910953736
2.275325711821377
2.279965932923315
2.284601011167164
2.289229376436195
2.293849451871373
2.298459654154786
2.3030583937943843
2.3076440754100243
2.3122150980207454
2.316769855333234
2.321306736031437
2.3258241240672763
2.3303203989524035
2.334793936050969
2.339243106873335
2.3436662793707015
2.3480618182305917
2.3524280851731403
2.3567634392481516
2.3610662371328686
2.3653348334304005
2.3695675809687757
2.3737628311005547
2.3779189340029614
2.382034238978487
2.3861070947559084
2.390135849791677
2.3941188525716353
2.3980544519129943
2.401940997266539
2.4057768390190084
2.40956032879559
2.4132898197624963
2.4169636669295596
2.4205802274528025
2.4241378609369315
2.4276349297377084
2.4310697992641437
2.4344408382804645
2.437746419207814
2.4409849184256203
2.4441547165725988
2.447254198847326
2.4502817553083465
2.4532357811737517
2.4561146771202003
2.4589168495813034
2.4616407110453546
2.4642846803523337
2.4668471829901453
2.46932665139005
2.4717215252212137
2.4740302516843657
2.47625128580448
2.4783830907224527
2.4804241379857244
2.482372907837794
2.4842278895065792
2.48598758149158
2.4876504918497884
2.4892151384803105
2.4906800494076364
2.492043763063533
2.4933048285674877
2.494461806005681
2.495513266708426
2.4964577935260324
2.497293981103053
2.498020436150864
2.4986357777185364
2.4991386374619466
2.499527659911092
2.499801502735563
2.499958837008119
2.4999983474663416
2.499918732772303
2.49971870577022
2.4993969937420486
