Punti della EPG:
6.0 0.0
6.0 0.0
5.992106913713086 0.011827948028283254
5.968458805257912 0.04712525830705333
5.929149002914755 0.1053352711676229
5.874332644514524 0.18553997993420462
5.804226065180615 0.2864745084375788
5.719105943553005 0.4065470588678828
5.619308209864078 0.5438640153769656
5.505226720175454 0.6962598075315052
5.37731170200806 0.8613310626523911
5.23606797749979 1.0364745084375788
5.082052971103156 1.2189280281214132
4.915874509685646 1.4058142207060302
4.738188423714755 1.5941857792939702
4.549695958994759 1.7810719718785868
4.351141009169892 1.9635254915624212
4.143307179915986 2.138668937347609
3.927014696406861 2.3037401924684957
3.7031171662602906 2.456135984623035
3.4724982107387117 2.5934529411321177
3.23606797749979 2.7135254915624207
2.994759548659419 2.814460020065795
2.749525258342898 2.8946647288323772
2.501332934257217 2.952874741692947
2.251162078117253 2.9881720519717168
1.9999999999999993 3.0
1.7488379218827463 2.9881720519717168
-2.0 3.1032701476836077e-31
-2.0 3.1032701476836077e-31
1.7488379218827472 2.9881720519717168
1.9999999999999993 3.0
2.2511620781172548 2.9881720519717168
2.501332934257217 2.952874741692947
2.7495252583429006 2.894664728832377
2.99475954865942 2.814460020065795
3.236067977499789 2.7135254915624216
3.472498210738713 2.5934529411321163
3.7031171662602906 2.456135984623035
3.9270146964068626 2.303740192468494
4.143307179915987 2.1386689373476084
4.351141009169895 1.9635254915624192
4.54969595899476 1.781071971878586
4.738188423714755 1.5941857792939702
4.915874509685647 1.4058142207060282
5.082052971103158 1.2189280281214128
5.236067977499792 1.036474508437577
5.377311702008061 0.86133106265239
5.505226720175454 0.6962598075315052
5.619308209864078 0.5438640153769643
5.719105943553005 0.4065470588678825
5.804226065180615 0.2864745084375777
5.874332644514524 0.18553997993420418
5.929149002914755 0.10533527116762295
5.968458805257912 0.04712525830705298
5.992106913713086 0.01182794802828321
6.0 1.2413080590734431e-30
6.0 1.2413080590734431e-30
5.9921147013144775 0.0002475610005538744
5.9921147013144775 0.0002475610005538744
-2.0078852986855225 0.0002475610005538744
5.9921147013144775 0.0002475610005538744
5.968583161128631 0.001968787002058695
5.968583161128631 0.001968787002058695
2.2197452392458845 2.9901408389737756
-2.031416838871369 0.001968787002058695
2.2197452392458863 2.9901408389737756
5.968583161128631 0.001968787002058695
5.929776485888252 0.006579287194544318
5.929776485888252 0.006579287194544318
-2.070223514111748 0.006579287194544318
5.929776485888252 0.006579287194544318
5.8763066800438635 0.015380638891468923
5.8763066800438635 0.015380638891468923
2.3776396143010805 2.968255380584416
-2.1236933199561365 0.015380638891468923
2.3776396143010805 2.968255380584416
5.8763066800438635 0.015380638891468923
5.8090169943749475 0.029508497187473705
5.8090169943749475 0.029508497187473705
-2.1909830056250525 0.029508497187473705
5.8090169943749475 0.029508497187473705
5.728968627421411 0.049886651397003594
5.728968627421411 0.049886651397003594
2.4784938857643093 2.944551380229381
-2.2710313725785887 0.049886651397003594
2.478493885764312 2.9445513802293806
5.728968627421411 0.049886651397003594
5.637423989748689 0.07718867839164674
5.637423989748689 0.07718867839164674
-2.3625760102513107 0.07718867839164674
5.637423989748689 0.07718867839164674
5.5358267949789965 0.1118085734692186
5.5358267949789965 0.1118085734692186
2.5305863436384155 2.926268593535014
-2.4641732050210035 0.1118085734692186
2.5305863436384164 2.926268593535014
5.5358267949789965 0.1118085734692186
5.425779291565073 0.15384142090562805
5.425779291565073 0.15384142090562805
-2.574220708434927 0.15384142090562805
5.425779291565073 0.15384142090562805
5.425779291565073 0.15384142090562805
5.3090169943749475 0.20307481014556647
5.3090169943749475 0.20307481014556647
-2.6909830056250525 0.20307481014556647
5.3090169943749475 0.20307481014556647
5.3090169943749475 0.20307481014556647
5.187381314585725 0.25899132230055144
5.187381314585725 0.25899132230055144
2.423449292085514 2.9725168138629723
-2.8126186854142756 0.25899132230055144
-2.8126186854142756 0.25899132230055144
2.4234492920855133 2.972516813862973
5.187381314585725 0.25899132230055144
5.187381314585725 0.25899132230055144
5.0627905195293135 0.3207820187525693
5.0627905195293135 0.3207820187525693
-2.9372094804706865 0.3207820187525693
-2.9372094804706865 0.3207820187525693
5.0627905195293135 0.3207820187525693
5.0627905195293135 0.3207820187525693
4.9372094804706865 0.3873704731288863
4.9372094804706865 0.3873704731288863
2.4097076912093978 2.980823414261004
-3.0627905195293135 0.3873704731288863
-3.0627905195293135 0.3873704731288863
2.4097076912093995 2.9808234142610024
4.9372094804706865 0.3873704731288863
4.9372094804706865 0.3873704731288863
4.812618685414275 0.45744651355641314
4.812618685414275 0.45744651355641314
2.285116896152987 3.0508994546885306
-3.187381314585725 0.45744651355641314
-3.187381314585725 0.45744651355641314
2.285116896152988 3.0508994546885293
4.812618685414275 0.45744651355641314
4.812618685414275 0.45744651355641314
4.6909830056250525 0.5295084971874737
4.6909830056250525 0.5295084971874737
2.394100171885343 2.9856444818105086
-3.3090169943749475 0.5295084971874737
-3.3090169943749475 0.5295084971874737
2.3941001718853427 2.9856444818105086
4.6909830056250525 0.5295084971874737
4.6909830056250525 0.5295084971874737
4.574220708434927 0.6019126357354352
4.574220708434927 0.6019126357354352
2.2773378746952178 3.05804862035847
-3.425779291565073 0.6019126357354352
-3.425779291565073 0.6019126357354352
2.2773378746952178 3.05804862035847
4.574220708434927 0.6019126357354352
4.574220708434927 0.6019126357354352
4.4641732050210035 0.6729276399152263
4.4641732050210035 0.6729276399152263
2.1672903712812936 3.129063624538261
-3.535826794978997 0.6729276399152263
-3.535826794978997 0.6729276399152263
2.1672903712812936 3.129063624538261
4.4641732050210035 0.6729276399152263
4.4641732050210035 0.6729276399152263
4.362576010251311 0.7407927611407285
4.362576010251311 0.7407927611407285
2.289590706658171 3.0445329536092243
2.065693176511601 3.1969287457637634
-3.6374239897486897 0.7407927611407285
-3.6374239897486897 0.7407927611407285
2.065693176511601 3.1969287457637634
2.2895907066581733 3.0445329536092225
4.362576010251311 0.7407927611407285
4.362576010251311 0.7407927611407285
4.271031372578588 0.8037771873074568
4.271031372578588 0.8037771873074568
2.198046068985449 3.1075173797759525
-3.7289686274214118 0.8037771873074568
-3.7289686274214118 0.8037771873074568
2.1980460689854513 3.1075173797759508
4.271031372578588 0.8037771873074568
4.271031372578588 0.8037771873074568
4.1909830056250525 0.8602387002944833
4.1909830056250525 0.8602387002944833
2.1179977020319134 3.1639788927629793
-3.8090169943749475 0.8602387002944833
-3.8090169943749475 0.8602387002944833
2.1179977020319156 3.1639788927629775
4.1909830056250525 0.8602387002944833
4.1909830056250525 0.8602387002944833
4.1236933199561365 0.9086795277018261
4.1236933199561365 0.9086795277018261
2.050708016362997 3.2124197201703217
-3.8763066800438635 0.9086795277018261
-3.8763066800438635 0.9086795277018261
2.050708016362999 3.21241972017032
4.1236933199561365 0.9086795277018261
4.1236933199561365 0.9086795277018261
4.070223514111748 0.9477974194220204
4.070223514111748 0.9477974194220204
1.997238210518609 3.251537611890516
-3.9297764858882513 0.9477974194220204
-3.9297764858882513 0.9477974194220204
1.9972382105186113 3.251537611890514
4.070223514111748 0.9477974194220204
4.070223514111748 0.9477974194220204
4.031416838871369 0.9765301474579213
4.031416838871369 0.9765301474579213
2.174724018787355 3.11519908480553
1.9584315352782296 3.280270339926417
-3.968583161128631 0.9765301474579213
-3.968583161128631 0.9765301474579213
1.9584315352782318 3.2802703399264153
2.174724018787356 3.1151990848055298
4.031416838871369 0.9765301474579213
4.031416838871369 0.9765301474579213
4.0078852986855225 0.9940918590033758
4.0078852986855225 0.9940918590033758
2.151192478601508 3.1327607963509845
1.9348999950923829 3.2978320514718718
-3.992114701314478 0.9940918590033758
-3.992114701314478 0.9940918590033758
1.934899995092385 3.29783205147187
2.151192478601509 3.1327607963509845
4.0078852986855225 0.9940918590033758
4.0078852986855225 0.9940918590033758
4.0 1.0
4.0 1.0
3.9921069137130862 1.0118279480282832
3.9921069137130862 1.0118279480282832
3.9684588052579115 1.0471252583070534
3.9684588052579115 1.0471252583070534
3.929149002914755 1.105335271167623
3.929149002914755 1.105335271167623
3.8743326445145243 1.1855399799342046
3.8743326445145243 1.1855399799342046
3.804226065180614 1.2864745084375788
3.804226065180614 1.2864745084375788
3.7191059435530054 1.4065470588678828
3.7191059435530054 1.4065470588678828
3.619308209864078 1.5438640153769656
3.619308209864078 1.5438640153769656
3.5052267201754543 1.6962598075315052
3.5052267201754543 1.6962598075315052
3.3773117020080603 1.8613310626523911
3.3773117020080603 1.8613310626523911
3.23606797749979 2.036474508437579
3.23606797749979 2.036474508437579
3.0820529711031566 2.218928028121413
3.0820529711031566 2.218928028121413
2.915874509685646 2.4058142207060302
2.915874509685646 2.4058142207060302
2.7381884237147545 2.59418577929397
2.7381884237147545 2.59418577929397
2.5496959589947585 2.781071971878587
2.5496959589947585 2.781071971878587
2.351141009169892 2.963525491562421
2.351141009169892 2.963525491562421
2.143307179915986 3.138668937347609
2.143307179915986 3.138668937347609
1.9270146964068606 3.3037401924684957
1.9270146964068606 3.3037401924684957
1.7031171662602906 3.456135984623035
1.7031171662602906 3.456135984623035
1.4724982107387115 3.5934529411321177
1.4724982107387115 3.5934529411321177
1.2360679774997898 3.7135254915624207
1.2360679774997898 3.7135254915624207
0.994759548659419 3.814460020065795
0.994759548659419 3.814460020065795
0.7495252583428981 3.8946647288323772
0.7495252583428981 3.8946647288323772
0.501332934257217 3.952874741692947
0.501332934257217 3.952874741692947
0.2511620781172532 3.9881720519717168
0.2511620781172532 3.9881720519717168
-6.432490598706545e-16 4.0
-0.2511620781172536 3.9881720519717168
-4.0 1.0
-4.0 1.0
-0.25116207811725283 3.9881720519717168
-7.347880794884118e-16 4.0
0.2511620781172549 3.9881720519717168
0.2511620781172549 3.9881720519717168
0.5013329342572169 3.952874741692947
0.5013329342572169 3.952874741692947
0.7495252583429005 3.894664728832377
0.7495252583429005 3.894664728832377
0.9947595486594197 3.814460020065795
0.9947595486594197 3.814460020065795
1.236067977499789 3.7135254915624216
1.236067977499789 3.7135254915624216
1.472498210738713 3.5934529411321163
1.472498210738713 3.5934529411321163
1.7031171662602904 3.456135984623035
1.7031171662602904 3.456135984623035
1.9270146964068628 3.303740192468494
1.9270146964068628 3.303740192468494
2.143307179915987 3.1386689373476084
2.143307179915987 3.1386689373476084
2.3511410091698948 2.963525491562419
2.3511410091698948 2.963525491562419
2.54969595899476 2.781071971878586
2.54969595899476 2.781071971878586
2.7381884237147545 2.59418577929397
2.7381884237147545 2.59418577929397
2.9158745096856475 2.405814220706028
2.9158745096856475 2.405814220706028
3.0820529711031575 2.2189280281214128
3.0820529711031575 2.2189280281214128
3.236067977499791 2.036474508437577
3.236067977499791 2.036474508437577
3.3773117020080607 1.86133106265239
3.3773117020080607 1.86133106265239
3.5052267201754543 1.6962598075315052
3.5052267201754543 1.6962598075315052
3.6193082098640788 1.5438640153769643
3.6193082098640788 1.5438640153769643
3.719105943553006 1.4065470588678826
3.719105943553006 1.4065470588678826
3.804226065180615 1.2864745084375777
3.804226065180615 1.2864745084375777
3.8743326445145247 1.1855399799342041
3.8743326445145247 1.1855399799342041
3.929149002914755 1.105335271167623
3.929149002914755 1.105335271167623
3.9684588052579115 1.047125258307053
3.9684588052579115 1.047125258307053
3.9921069137130862 1.0118279480282832
3.9921069137130862 1.0118279480282832
4.0 1.0
4.0 1.0
4.0078852986855225 0.9940918590033758
4.0078852986855225 0.9940918590033758
2.151192478601508 3.1327607963509845
1.9348999950923829 3.2978320514718718
-3.992114701314478 0.9940918590033758
-3.992114701314478 0.9940918590033758
1.934899995092385 3.29783205147187
2.151192478601509 3.1327607963509845
4.0078852986855225 0.9940918590033758
4.0078852986855225 0.9940918590033758
4.031416838871369 0.976530147457921
4.031416838871369 0.976530147457921
2.174724018787355 3.1151990848055298
1.9584315352782296 3.2802703399264166
-3.968583161128631 0.976530147457921
-3.968583161128631 0.976530147457921
1.9584315352782318 3.280270339926415
2.174724018787356 3.1151990848055293
4.031416838871369 0.976530147457921
4.070223514111749 0.9477974194220201
4.070223514111749 0.9477974194220201
1.9972382105186093 3.251537611890516
-3.9297764858882513 0.9477974194220201
-3.9297764858882513 0.9477974194220201
1.9972382105186115 3.251537611890514
4.070223514111749 0.9477974194220201
4.070223514111749 0.9477974194220201
4.1236933199561365 0.9086795277018261
4.1236933199561365 0.9086795277018261
2.050708016362997 3.2124197201703217
-3.8763066800438635 0.9086795277018261
-3.8763066800438635 0.9086795277018261
2.050708016362999 3.21241972017032
4.1236933199561365 0.9086795277018261
4.1236933199561365 0.9086795277018261
4.1909830056250525 0.8602387002944833
4.1909830056250525 0.8602387002944833
2.1179977020319134 3.1639788927629793
-3.8090169943749475 0.8602387002944833
-3.8090169943749475 0.8602387002944833
2.1179977020319156 3.1639788927629775
4.1909830056250525 0.8602387002944833
4.1909830056250525 0.8602387002944833
4.271031372578588 0.8037771873074568
4.271031372578588 0.8037771873074568
2.198046068985449 3.1075173797759525
-3.7289686274214113 0.8037771873074568
-3.7289686274214113 0.8037771873074568
2.1980460689854513 3.1075173797759508
4.271031372578588 0.8037771873074568
4.271031372578588 0.8037771873074568
4.362576010251311 0.7407927611407282
4.362576010251311 0.7407927611407282
2.289590706658171 3.044532953609224
2.065693176511601 3.196928745763763
-3.6374239897486897 0.7407927611407282
-3.6374239897486897 0.7407927611407282
2.065693176511601 3.196928745763763
2.2895907066581733 3.044532953609222
4.362576010251311 0.7407927611407282
4.362576010251311 0.7407927611407282
4.4641732050210035 0.6729276399152258
4.4641732050210035 0.6729276399152258
2.167290371281294 3.1290636245382606
-3.5358267949789965 0.6729276399152258
-3.5358267949789965 0.6729276399152258
2.167290371281294 3.1290636245382606
4.4641732050210035 0.6729276399152258
4.4641732050210035 0.6729276399152258
4.574220708434928 0.601912635735435
4.574220708434928 0.601912635735435
2.2773378746952186 3.05804862035847
-3.425779291565072 0.601912635735435
-3.425779291565072 0.601912635735435
2.277337874695218 3.05804862035847
4.574220708434928 0.601912635735435
4.574220708434928 0.601912635735435
4.6909830056250525 0.5295084971874737
4.6909830056250525 0.5295084971874737
2.394100171885343 2.9856444818105086
-3.3090169943749475 0.5295084971874737
-3.3090169943749475 0.5295084971874737
2.3941001718853427 2.9856444818105086
4.6909830056250525 0.5295084971874737
4.6909830056250525 0.5295084971874737
4.812618685414275 0.45744651355641314
4.812618685414275 0.45744651355641314
2.285116896152987 3.0508994546885306
-3.1873813145857244 0.45744651355641314
-3.1873813145857244 0.45744651355641314
2.2851168961529886 3.0508994546885293
4.812618685414275 0.45744651355641314
4.812618685414275 0.45744651355641314
4.9372094804706865 0.38737047312888606
4.9372094804706865 0.38737047312888606
2.409707691209398 2.9808234142610037
-3.0627905195293135 0.38737047312888606
-3.0627905195293135 0.38737047312888606
2.4097076912094 2.9808234142610024
4.9372094804706865 0.38737047312888606
4.9372094804706865 0.38737047312888606
