CR1:
CR2:
[0. 0.]
[0.         1.57079633]
[0.         3.14159265]
[0.         4.71238898]
[0.         6.28318531]
[0.03141593 0.        ]
[0.03141593 1.57079633]
[0.03141593 3.14159265]
[0.03141593 4.71238898]
[0.03141593 6.28318531]
[1.57079633 0.        ]
[1.57079633 1.57079633]
[1.57079633 3.14159265]
[1.57079633 4.71238898]
[1.57079633 6.28318531]
[3.11017673 0.        ]
[3.11017673 1.57079633]
[3.11017673 3.14159265]
[3.11017673 4.71238898]
[3.11017673 6.28318531]
[3.14159265 0.        ]
[3.14159265 1.57079633]
[3.14159265 3.14159265]
[3.14159265 4.71238898]
[3.14159265 6.28318531]
[3.17300858 0.        ]
[3.17300858 1.57079633]
[3.17300858 3.14159265]
[3.17300858 4.71238898]
[3.17300858 6.28318531]
[4.71238898 0.        ]
[4.71238898 1.57079633]
[4.71238898 3.14159265]
[4.71238898 4.71238898]
[4.71238898 6.28318531]
[6.25176938 0.        ]
[6.25176938 1.57079633]
[6.25176938 3.14159265]
[6.25176938 4.71238898]
[6.25176938 6.28318531]
[6.28318531 0.        ]
[6.28318531 1.57079633]
[6.28318531 3.14159265]
[6.28318531 4.71238898]
[6.28318531 6.28318531]
